U-AIM Full Results Output
=========================

1. Descriptive Statistics
  Variable     N         Mean         SD          Min         Q1       Median         Q3        Max    Skewness
1       FM 10000  0.595889034 0.20022407  0.017183534  0.4518440  0.607314510 0.75545550  0.9955866 -0.25828058
2       TR 10000  1.835786342 0.49636155  0.466445863  1.4390656  1.824225902 2.32119104  2.5000000 -0.14470601
3       PM 10000  0.006351751 0.99257336 -3.634594056 -0.6698204 -0.005971374 0.66985715  3.8511757  0.02551652
4       SZ 10000 -0.008693974 0.99152440 -3.847563372 -0.6698388 -0.011496564 0.64315160  3.8083089  0.01913361
5       AD 10000  0.733968492 0.13245505  0.169558403  0.6525243  0.756382123 0.83496078  0.9788516 -0.76734760
6      INN 10000  5.375500000 2.76059085  0.000000000  3.0000000  5.000000000 7.00000000 19.0000000  0.68583783
7       DV 10000  0.708593109 0.15222829  0.148124534  0.6047461  0.706532276 0.80848298  1.2611753  0.04583424
8       RW 10000  0.052660816 0.02588908  0.008360531  0.0344813  0.047483089 0.06477166  0.2578284  1.49337880
     Kurtosis
1 -0.66328392
2 -1.09434765
3  0.02274742
4  0.02652916
5  0.26360040
6  0.68044334
7 -0.02006314
8  3.81606821

2. Correlation Matrix
         FM      TR      PM      SZ      AD     INN      DV      RW
FM   1.0000 -0.0049 -0.0142  0.0030  0.1222  0.1082 -0.1887 -0.0419
TR  -0.0049  1.0000 -0.0070  0.0002  0.2391  0.1595 -0.2536 -0.5169
PM  -0.0142 -0.0070  1.0000 -0.0052 -0.7413 -0.3628  0.6768  0.3854
SZ   0.0030  0.0002 -0.0052  1.0000  0.3461  0.2384 -0.0654 -0.0869
AD   0.1222  0.2391 -0.7413  0.3461  1.0000  0.4392 -0.6526 -0.5199
INN  0.1082  0.1595 -0.3628  0.2384  0.4392  1.0000 -0.3275 -0.2493
DV  -0.1887 -0.2536  0.6768 -0.0654 -0.6526 -0.3275  1.0000  0.4155
RW  -0.0419 -0.5169  0.3854 -0.0869 -0.5199 -0.2493  0.4155  1.0000

3. Correlation Matrix with Significance Stars
    FM          TR          PM          SZ          AD          INN         DV          RW         
FM  "1.000***"  "-0.005"    "-0.014"    "0.003"     "0.122***"  "0.108***"  "-0.189***" "-0.042***"
TR  "-0.005"    "1.000***"  "-0.007"    "0.000"     "0.239***"  "0.160***"  "-0.254***" "-0.517***"
PM  "-0.014"    "-0.007"    "1.000***"  "-0.005"    "-0.741***" "-0.363***" "0.677***"  "0.385***" 
SZ  "0.003"     "0.000"     "-0.005"    "1.000***"  "0.346***"  "0.238***"  "-0.065***" "-0.087***"
AD  "0.122***"  "0.239***"  "-0.741***" "0.346***"  "1.000***"  "0.439***"  "-0.653***" "-0.520***"
INN "0.108***"  "0.160***"  "-0.363***" "0.238***"  "0.439***"  "1.000***"  "-0.327***" "-0.249***"
DV  "-0.189***" "-0.254***" "0.677***"  "-0.065***" "-0.653***" "-0.327***" "1.000***"  "0.415***" 
RW  "-0.042***" "-0.517***" "0.385***"  "-0.087***" "-0.520***" "-0.249***" "0.415***"  "1.000***" 

4. Regression Coefficients
       Estimate   Std. Error      t value      Pr(>|t|)        Term                       Model   z value     Pr(>|z|)
1   0.576046160 0.0033234856  173.3259056  0.000000e+00 (Intercept)     AD Mediation Model: OLS        NA           NA
2   0.074009915 0.0034136407   21.6806399 6.795749e-102          FM     AD Mediation Model: OLS        NA           NA
3   0.062557296 0.0013768957   45.4335768  0.000000e+00          TR     AD Mediation Model: OLS        NA           NA
4  -0.098258843 0.0006886221 -142.6890723  0.000000e+00          PM     AD Mediation Model: OLS        NA           NA
5   0.045672749 0.0006892668   66.2627989  0.000000e+00          SZ     AD Mediation Model: OLS        NA           NA
6   0.691388624 0.0450807537           NA            NA (Intercept)  INN Outcome Model: Poisson  15.33667 4.349443e-53
7   0.209439853 0.0222412992           NA            NA          FM  INN Outcome Model: Poisson   9.41671 4.654457e-21
8   0.112603175 0.0095876133           NA            NA          TR  INN Outcome Model: Poisson  11.74465 7.523211e-32
9   0.856308962 0.0668850004           NA            NA          AD  INN Outcome Model: Poisson  12.80271 1.583371e-37
10 -0.107807337 0.0074970230           NA            NA          PM  INN Outcome Model: Poisson -14.38002 6.907498e-47
11  0.085689056 0.0051945714           NA            NA          SZ  INN Outcome Model: Poisson  16.49589 3.927580e-61
12  1.057865844 0.0097615513  108.3706686  0.000000e+00 (Intercept)       DV Outcome Model: OLS        NA           NA
13 -0.120588236 0.0051260571  -23.5245594 3.803504e-119          FM       DV Outcome Model: OLS        NA           NA
14 -0.062731203 0.0022195015  -28.2636450 3.857968e-169          TR       DV Outcome Model: OLS        NA           NA
15 -0.221759747 0.0146789496  -15.1073308  5.288817e-51          AD       DV Outcome Model: OLS        NA           NA
16  0.081298118 0.0017611334   46.1623848  0.000000e+00          PM       DV Outcome Model: OLS        NA           NA
17  0.000708542 0.0012135250    0.5838709  5.593203e-01          SZ       DV Outcome Model: OLS        NA           NA
18 -1.523920664 0.0330723399  -46.0784047  0.000000e+00 (Intercept) RW Outcome Model: Gamma-log        NA           NA
19 -0.031862161 0.0173671887   -1.8346182  6.659198e-02          FM RW Outcome Model: Gamma-log        NA           NA
20 -0.449143612 0.0075197175  -59.7287881  0.000000e+00          TR RW Outcome Model: Gamma-log        NA           NA
21 -0.856732648 0.0497325879  -17.2267860  1.471548e-65          AD RW Outcome Model: Gamma-log        NA           NA
22  0.097989425 0.0059667568   16.4225606  7.984400e-60          PM RW Outcome Model: Gamma-log        NA           NA
23 -0.001764413 0.0041114481   -0.4291464  6.678260e-01          SZ RW Outcome Model: Gamma-log        NA           NA

5. Model Fit
                        Model     N R2_or_PseudoR2       AIC       BIC
1     AD Mediation Model: OLS 10000      0.7339202 -25280.06 -25236.80
2  INN Outcome Model: Poisson 10000             NA  45180.86  45224.12
3       DV Outcome Model: OLS 10000      0.5662021 -17607.47 -17557.00
4 RW Outcome Model: Gamma-log 10000             NA -54036.72 -53986.25

6. Scenario Results
             Scenario  FM  TR PM SZ        AD      INN        DV         RW INN_Pct_Change DV_Pct_Change RW_Pct_Change
1            Baseline 0.2 0.2  0  0 0.6033596 3.569621 0.8874011 0.11800365        0.00000      0.000000       0.00000
2   Governance-Mature 0.8 0.2  0  0 0.6477656 4.204471 0.8052007 0.11144757       17.78481     -9.263049      -5.55583
3 Governance+Training 0.8 0.6  0  0 0.6727885 4.493434 0.7745591 0.09114566       25.87986    -12.716003     -22.76031
4    Full Integration 0.8 0.9  0  0 0.6915557 4.723116 0.7515780 0.07838537       32.31420    -15.305719     -33.57378

7. Hypothesis Tests
  Hypothesis            Metric        Threshold Observed_Percent_Change Decision
1         H1 Innovation Output  >= 25% increase                32.31420     PASS
2         H2    Delay Variance >= 10% reduction               -15.30572     PASS
3         H3       Rework Rate >= 15% reduction               -33.57378     PASS

8. VIF Diagnostics
  Variable      VIF
1       FM 1.000235
2       TR 1.000074
3       PM 1.000279
4       SZ 1.000036

9. Residual Diagnostics
  Model Residual_Mean Residual_SD
1    AD  9.245602e-20  0.06832418
2    DV  5.875197e-18  0.10026263

10. Bootstrap Mediation Effects
           Effect       Mean   Lower_95   Upper_95
1 FM -> AD -> INN 0.06339431 0.05199694 0.07517541
2 TR -> AD -> INN 0.05370627 0.04459846 0.06284229

11. Sensitivity Analysis
   Variable Perturbation        AD      INN        DV         RW  AD_Change INN_Change  DV_Change  RW_Change
1        FM         -0.3 0.6332283 3.908811 0.8438698 0.10004336 -1.7229512 -4.0096270  2.4960046  1.4392926
2        FM         -0.2 0.6369288 3.962495 0.8370198 0.09956794 -1.1486341 -2.6912741  1.6640031  0.9572412
3        FM         -0.1 0.6406293 4.016917 0.8301698 0.09909479 -0.5743171 -1.3548147  0.8320015  0.4774807
4        FM          0.0 0.6443298 4.072086 0.8233197 0.09862388  0.0000000  0.0000000  0.0000000  0.0000000
5        FM          0.1 0.6480303 4.128013 0.8164697 0.09815520  0.5743171  1.3734220 -0.8320015 -0.4752116
6        FM          0.2 0.6517308 4.184708 0.8096197 0.09768876  1.1486341  2.7657069 -1.6640031 -0.9481650
7        FM          0.3 0.6554313 4.242182 0.8027696 0.09722453  1.7229512  4.1771137 -2.4960046 -1.4188709
8        TR         -0.3 0.6349462 3.971841 0.8348103 0.10634879 -1.4563341 -2.4617651  1.3956406  7.8327008
9        TR         -0.2 0.6380740 4.004979 0.8309801 0.10370883 -0.9708894 -1.6479851  0.9304270  5.1559025
10       TR         -0.1 0.6412019 4.038393 0.8271499 0.10113440 -0.4854447 -0.8274157  0.4652135  2.5455521
11       TR          0.0 0.6443298 4.072086 0.8233197 0.09862388  0.0000000  0.0000000  0.0000000  0.0000000
12       TR          0.1 0.6474576 4.106061 0.8194895 0.09617567  0.4854447  0.8343189 -0.4652135 -2.4823623
13       TR          0.2 0.6505855 4.140318 0.8156593 0.09378825  0.9708894  1.6755988 -0.9304270 -4.9031033
14       TR          0.3 0.6537134 4.174862 0.8118291 0.09146008  1.4563341  2.5238976 -1.3956406 -7.2637528
